month	year	ndays_prec	high_prec	tot_prec	mean_prec	tdays	nao	soi
1	1961	23	TRUE	146.3	4.71935483870968	31	1.46	-0.43
1	1962	23	TRUE	194.6	6.27741935483871	31	2.44	1.72
1	1963	19	FALSE	25.1	0.809677419354839	31	-4.09	0.8
1	1964	16	FALSE	40.6	1.30967741935484	31	0.93	-0.53
1	1965	21	TRUE	149.4	4.81935483870968	31	0.01	-0.52
1	1966	21	FALSE	61.1	1.97096774193548	31	-1.01	-1.36
1	1967	21	FALSE	76.4	2.46451612903226	31	0.04	1.52
1	1968	23	FALSE	93	3	31	1.65	0.47
1	1969	27	TRUE	87	2.80645161290323	31	-1.64	-1.36
1	1970	24	FALSE	110.2	3.55483870967742	31	-1.16	-1.26
1	1971	20	TRUE	81.8	2.63870967741935	31	-0.43	0.23
1	1972	29	TRUE	130.6	4.21290322580645	31	-0.52	0.33
1	1973	20	TRUE	65.6	2.11612903225806	31	1.37	-0.43
1	1974	26	TRUE	231.8	7.47741935483871	31	3.75	2.16
1	1975	30	TRUE	220.2	7.10322580645161	31	2.43	-0.62
1	1976	23	TRUE	107.7	3.4741935483871	31	0.75	1.19
1	1977	22	TRUE	120.2	3.87741935483871	31	-2.36	-0.39
1	1978	26	TRUE	148.2	4.78064516129032	31	0.46	-0.48
1	1979	19	FALSE	71.9	2.31935483870968	31	-3.22	-0.45
1	1980	19	FALSE	87	2.80645161290323	31	-1.8	0.28
1	1981	22	FALSE	73.4	2.36774193548387	31	1	0.27
1	1982	24	TRUE	136.3	4.39677419354839	31	-0.72	0.87
1	1983	27	TRUE	175.4	5.65806451612903	31	4.82	-3.36
1	1984	28	TRUE	172.3	5.55806451612903	31	2.53	-0.03
1	1985	24	FALSE	58.5	1.88709677419355	31	-2.87	-0.55
1	1986	25	TRUE	142.3	4.59032258064516	31	1.46	0.82
1	1987	15	FALSE	46.7	1.50645161290323	31	-2.12	-0.75
1	1988	28	TRUE	178.4	5.75483870967742	31	0.53	-0.31
1	1989	22	TRUE	77.1	2.48709677419355	31	3.53	1.31
1	1990	30	TRUE	245.4	7.91612903225806	31	3.5	-0.21
1	1991	19	TRUE	140.7	4.53870967741936	31	1.87	0.45
1	1992	11	FALSE	44.1	1.42258064516129	31	0.64	-2.85
1	1993	25	TRUE	220.3	7.10645161290323	31	3.91	-0.93
1	1994	27	TRUE	156.3	5.04193548387097	31	1.28	-0.25
1	1995	28	TRUE	220.3	7.10645161290323	31	2.7	-0.51
1	1996	17	FALSE	66.9	2.15806451612903	31	-3.27	0.82
1	1997	14	FALSE	14.8	0.47741935483871	31	-1.95	0.29
1	1998	24	TRUE	167	5.38709677419355	31	-0.28	-2.53
1	1999	28	TRUE	247.1	7.97096774193548	31	0.9	1.58
1	2000	22	TRUE	139.2	4.49032258064516	31	0.35	0.47
1	2001	19	TRUE	69.1	2.22903225806452	31	0.02	0.78
1	2002	24	TRUE	165.1	5.3258064516129	31	2.31	0.2
1	2003	25	FALSE	96.2	3.10322580645161	31	0.15	-0.3
1	2004	30	TRUE	171.1	5.51935483870968	31	0.2	-1.31
1	2005	24	TRUE	218.3	7.04193548387097	31	1.82	0.2
1	2006	12	TRUE	70.4	2.27096774193548	31	-0.1	1.29
1	2007	24	TRUE	211.3	6.81612903225806	31	1.76	-0.83
1	2008	29	TRUE	245.9	7.93225806451613	31	1.85	1.54
1	2009	23	TRUE	178.5	5.75806451612903	31	0.6	0.85
1	2010	20	TRUE	57.5	1.85483870967742	31	-2.38	-1.13
1	2011	21	TRUE	136.8	4.41290322580645	31	-1.38	2.01
1	2012	22	TRUE	108.8	3.50967741935484	31	2.05	0.9
1	2013	23	TRUE	104.4	3.36774193548387	31	1.08	-0.1
1	2014	29	TRUE	199	6.41935483870968	31	0.71	1.19
1	2015	26	TRUE	173.5	5.59677419354839	31	2.81	-0.87
1	2016	27	TRUE	184	5.93548387096774	31	1.17	-2.12
1	2017	21	TRUE	61.8	1.99354838709677	31	0.17	0.08
10	1961	27	TRUE	168.6	5.43870967741935	31	1	-0.73
10	1962	14	FALSE	52.9	1.70645161290323	31	-0.34	0.95
10	1963	23	FALSE	92.8	2.99354838709677	31	2.79	-1.46
10	1964	23	TRUE	67.5	2.17741935483871	31	0.63	1.26
10	1965	12	TRUE	75.4	2.43225806451613	31	-1.26	-1.22
10	1966	23	TRUE	125.2	4.03870967741936	31	-2.89	-0.33
10	1967	30	TRUE	287	9.25806451612903	31	1.34	-0.17
10	1968	20	TRUE	175.2	5.65161290322581	31	0.03	-0.35
10	1969	17	FALSE	32.3	1.04193548387097	31	0.7	-1.35
10	1970	20	FALSE	125.4	4.04516129032258	31	0	0.74
10	1971	19	TRUE	100	3.2258064516129	31	1.63	1.75
10	1972	11	FALSE	32.2	1.03870967741935	31	-1.74	-1.13
10	1973	14	FALSE	51.5	1.66129032258065	31	-1.03	0.85
10	1974	22	FALSE	71.4	2.30322580645161	31	-1.44	0.72
10	1975	15	FALSE	53.9	1.73870967741935	31	0.39	1.67
10	1976	28	TRUE	159.4	5.14193548387097	31	-0.64	0.13
10	1977	24	TRUE	122	3.93548387096774	31	0.45	-1.39
10	1978	18	FALSE	60	1.93548387096774	31	0.02	-0.76
10	1979	24	FALSE	92.7	2.99032258064516	31	-1.95	-0.37
10	1980	22	TRUE	159	5.12903225806452	31	-0.87	-0.34
10	1981	24	TRUE	164.1	5.29354838709677	31	-1.06	-0.71
10	1982	26	TRUE	110.6	3.56774193548387	31	0.32	-2.2
10	1983	24	TRUE	163	5.25806451612903	31	2.06	0.34
10	1984	26	TRUE	137.9	4.44838709677419	31	1.66	-0.61
10	1985	12	FALSE	56	1.80645161290323	31	0.14	-0.76
10	1986	21	TRUE	133.7	4.31290322580645	31	2.27	0.54
10	1987	23	TRUE	190.1	6.13225806451613	31	-0.8	-0.69
10	1988	17	TRUE	105.5	3.40322580645161	31	-2.02	1.35
10	1989	24	TRUE	127.4	4.10967741935484	31	0.88	0.61
10	1990	24	TRUE	146.7	4.73225806451613	31	-0.59	-0.17
10	1991	19	TRUE	122.7	3.95806451612903	31	-1.77	-1.55
10	1992	20	FALSE	87.1	2.80967741935484	31	-3.33	-2.03
10	1993	13	FALSE	50.7	1.63548387096774	31	-4.13	-1.57
10	1994	19	TRUE	84	2.70967741935484	31	-1.88	-1.58
10	1995	21	TRUE	125.3	4.04193548387097	31	1.22	-0.34
10	1996	24	TRUE	111.1	3.58387096774194	31	-0.07	0.26
10	1997	11	FALSE	49.9	1.60967741935484	31	-2.26	-1.69
10	1998	27	TRUE	242.3	7.81612903225806	31	1.34	1.01
10	1999	18	TRUE	90.8	2.92903225806452	31	-0.69	0.95
10	2000	30	TRUE	223.9	7.22258064516129	31	1.37	0.87
10	2001	26	TRUE	133.4	4.30322580645161	31	0.88	-0.38
10	2002	23	TRUE	154.1	4.97096774193548	31	-1.5	-0.79
10	2003	16	FALSE	36.4	1.1741935483871	31	-3.68	-0.26
10	2004	23	TRUE	169.1	5.45483870967742	31	-2.18	-0.42
10	2005	22	TRUE	141.6	4.56774193548387	31	-0.45	1.12
10	2006	26	TRUE	139.2	4.49032258064516	31	-1.97	-1.52
10	2007	12	TRUE	55.8	1.8	31	-0.02	0.44
10	2008	24	TRUE	205.3	6.62258064516129	31	0.01	1.52
10	2009	22	FALSE	93.3	3.00967741935484	31	-1.53	-1.66
10	2010	20	TRUE	108	3.48387096774194	31	-2.41	1.8
10	2011	27	TRUE	138.9	4.48064516129032	31	1.31	0.91
10	2012	20	TRUE	115.2	3.71612903225806	31	-3.21	0.17
10	2013	27	TRUE	170.5	5.5	31	-0.36	-0.34
10	2014	28	TRUE	165.8	5.34838709677419	31	0.31	-0.86
10	2015	15	TRUE	77.3	2.49354838709677	31	-1.13	-1.91
10	2016	22	FALSE	37.9	1.22258064516129	31	-1.47	-0.66
10	2017	26	TRUE	128.9	4.15806451612903	31	1.36	0.75
11	1961	17	FALSE	70.6	2.35333333333333	30	-2.15	0.68
11	1962	19	TRUE	59.6	1.98666666666667	30	-2.23	0.27
11	1963	28	TRUE	201.2	6.70666666666667	30	-0.15	-0.93
11	1964	17	FALSE	74	2.46666666666667	30	1.33	-0.06
11	1965	20	TRUE	94.6	3.15333333333333	30	-1.78	-1.86
11	1966	26	TRUE	100.3	3.34333333333333	30	-0.07	-0.2
11	1967	21	TRUE	78.6	2.62	30	-0.91	-0.57
11	1968	18	FALSE	52.9	1.76333333333333	30	-2	-0.44
11	1969	26	TRUE	169.1	5.63666666666667	30	-1.28	-0.18
11	1970	27	TRUE	146.6	4.88666666666667	30	0.76	1.85
11	1971	22	TRUE	83.9	2.79666666666667	30	-1.46	0.55
11	1972	27	TRUE	182.7	6.09	30	0.64	-0.38
11	1973	16	FALSE	61.8	2.06	30	-0.26	2.85
11	1974	27	TRUE	177.2	5.90666666666667	30	1.27	-0.42
11	1975	20	FALSE	73.3	2.44333333333333	30	0.86	1.25
11	1976	19	TRUE	89.7	2.99	30	1.5	0.76
11	1977	23	TRUE	152.1	5.07	30	0.37	-1.56
11	1978	20	TRUE	164.7	5.49	30	3.91	-0.28
11	1979	27	TRUE	175.2	5.84	30	1.95	-0.61
11	1980	24	TRUE	161.7	5.39	30	-2.06	-0.47
11	1981	21	TRUE	162	5.4	30	1.66	0.07
11	1982	27	TRUE	203.6	6.78666666666667	30	1.71	-3.25
11	1983	10	TRUE	48.7	1.62333333333333	30	-2.28	-0.12
11	1984	26	TRUE	210.7	7.02333333333333	30	-1.16	0.12
11	1985	22	TRUE	92.8	3.09333333333333	30	-2.85	-0.35
11	1986	29	TRUE	166.1	5.53666666666667	30	3.41	-1.57
11	1987	17	TRUE	94.2	3.14	30	-0.67	-0.07
11	1988	14	FALSE	64.2	2.14	30	-1.47	1.92
11	1989	13	TRUE	79.2	2.64	30	-2.97	-0.38
11	1990	17	TRUE	61.9	2.06333333333333	30	-1.48	-0.68
11	1991	23	TRUE	175	5.83333333333333	30	1.68	-0.77
11	1992	28	TRUE	182.6	6.08666666666667	30	4.52	-0.84
11	1993	17	TRUE	50.3	1.67666666666667	30	0.77	-0.13
11	1994	23	TRUE	135.6	4.52	30	1.68	-0.81
11	1995	14	TRUE	89	2.96666666666667	30	-2.73	-0.02
11	1996	24	TRUE	129.6	4.32	30	-0.05	-0.21
11	1997	24	TRUE	95.2	3.17333333333333	30	-0.99	-1.31
11	1998	26	TRUE	130.6	4.35333333333333	30	1.13	1.01
11	1999	23	FALSE	91.7	3.05666666666667	30	0.3	1.22
11	2000	29	TRUE	226.9	7.56333333333333	30	-0.24	2.02
11	2001	23	TRUE	97.3	3.24333333333333	30	0.01	0.64
11	2002	24	TRUE	132.4	4.41333333333333	30	-0.27	-0.6
11	2003	21	TRUE	110.8	3.69333333333333	30	0.31	-0.32
11	2004	22	FALSE	42.1	1.40333333333333	30	-0.55	-1.06
11	2005	19	TRUE	121.4	4.04666666666667	30	-1.01	-0.42
11	2006	23	TRUE	174.3	5.81	30	2	0.05
11	2007	21	TRUE	80.3	2.67666666666667	30	-1.67	0.82
11	2008	22	TRUE	91	3.03333333333333	30	-1.3	1.64
11	2009	29	TRUE	355.6	11.8533333333333	30	1.68	-0.67
11	2010	24	TRUE	162.9	5.43	30	-3.34	1.62
11	2011	20	FALSE	91.2	3.04	30	0.74	1.41
11	2012	25	TRUE	150.9	5.03	30	-1.11	0.33
11	2013	18	TRUE	79.5	2.65	30	0.04	0.75
11	2014	23	TRUE	94.2	3.14	30	-2.17	-0.96
11	2015	27	TRUE	263.3	8.77666666666667	30	3.54	-0.63
11	2016	21	TRUE	107.1	3.57	30	-1.61	-0.23
11	2017	25	TRUE	122.6	4.08666666666667	30	-0.9	0.94
12	1961	17	TRUE	104.5	3.37096774193548	31	-1.72	1.31
12	1962	20	TRUE	85.6	2.76129032258065	31	-0.66	-0.1
12	1963	14	TRUE	54.7	1.76451612903226	31	-3.09	-1.35
12	1964	22	TRUE	208.2	6.71612903225806	31	-1.24	-0.49
12	1965	27	FALSE	125.7	4.05483870967742	31	1.24	0.02
12	1966	29	TRUE	144.1	4.64838709677419	31	1.68	-0.61
12	1967	21	TRUE	84	2.70967741935484	31	-0.53	-0.78
12	1968	16	FALSE	83.8	2.70322580645161	31	-1.73	0.13
12	1969	23	TRUE	101.6	3.27741935483871	31	-0.26	0.24
12	1970	21	FALSE	60.2	1.94193548387097	31	-1.58	1.83
12	1971	23	FALSE	48.9	1.57741935483871	31	0.76	0.15
12	1972	19	TRUE	143.9	4.64193548387097	31	2.11	-1.47
12	1973	24	FALSE	97.5	3.14516129032258	31	-1.65	1.76
12	1974	30	TRUE	213.2	6.87741935483871	31	3.06	-0.14
12	1975	18	TRUE	55.7	1.79677419354839	31	-1.57	2.05
12	1976	23	FALSE	78.2	2.52258064516129	31	-3.63	-0.48
12	1977	20	TRUE	125.2	4.03870967741936	31	-0.25	-1.23
12	1978	24	TRUE	139.6	4.50322580645161	31	-2.08	-0.21
12	1979	25	TRUE	233.5	7.53225806451613	31	2.07	-0.9
12	1980	27	TRUE	165.2	5.32903225806452	31	1.55	-0.21
12	1981	14	TRUE	55.4	1.78709677419355	31	-2.2	0.41
12	1982	20	TRUE	161.3	5.20322580645161	31	2.64	-2.48
12	1983	24	TRUE	152.2	4.90967741935484	31	0.83	-0.17
12	1984	25	FALSE	97.2	3.13548387096774	31	1.52	-0.24
12	1985	26	TRUE	195	6.29032258064516	31	-0.43	0.12
12	1986	28	TRUE	231.1	7.45483870967742	31	3.42	-1.64
12	1987	19	TRUE	122.9	3.96451612903226	31	-0.81	-0.66
12	1988	20	TRUE	111.3	3.59032258064516	31	1.85	1.09
12	1989	14	TRUE	98.8	3.18709677419355	31	-2.23	-0.62
12	1990	22	TRUE	191.6	6.18064516129032	31	0.34	-0.38
12	1991	12	TRUE	100.2	3.23225806451613	31	1.24	-2.02
12	1992	18	TRUE	124	4	31	0.21	-0.71
12	1993	28	TRUE	231.3	7.46129032258064	31	2.17	0.07
12	1994	25	TRUE	257.9	8.31935483870968	31	2.86	-1.41
12	1995	17	FALSE	43.9	1.41612903225806	31	-3.33	-0.72
12	1996	17	FALSE	64.2	2.07096774193548	31	-4.7	0.71
12	1997	26	TRUE	142.1	4.58387096774194	31	-0.2	-1.12
12	1998	27	FALSE	107.5	3.46774193548387	31	1.95	1.32
12	1999	26	TRUE	239.8	7.73548387096774	31	2.13	1.37
12	2000	21	TRUE	172.2	5.55483870967742	31	-1.41	0.77
12	2001	19	TRUE	85.8	2.76774193548387	31	-2.25	-1.06
12	2002	21	TRUE	114.2	3.68387096774194	31	-0.98	-1.3
12	2003	20	TRUE	120.9	3.9	31	-0.85	0.92
12	2004	24	TRUE	111.5	3.59677419354839	31	1.27	-0.94
12	2005	19	FALSE	57.7	1.86129032258065	31	-0.81	0.01
12	2006	21	TRUE	313.6	10.1161290322581	31	3.03	-0.39
12	2007	19	TRUE	192.8	6.21935483870968	31	1.36	1.49
12	2008	17	TRUE	97.1	3.13225806451613	31	-0.58	1.43
12	2009	26	FALSE	114.5	3.69354838709677	31	-3.73	-0.95
12	2010	19	FALSE	30.8	0.993548387096774	31	-4.61	2.9
12	2011	31	TRUE	199.5	6.43548387096774	31	3.2	2.45
12	2012	23	TRUE	224.5	7.24193548387097	31	0.6	-0.77
12	2013	25	TRUE	245.1	7.90645161290323	31	3.54	-0.05
12	2014	25	TRUE	124.7	4.02258064516129	31	1.89	-0.66
12	2015	31	TRUE	487.9	15.7387096774194	31	4.22	-1
12	2016	19	TRUE	89.4	2.88387096774194	31	2.1	0.19
12	2017	25	TRUE	111.8	3.60645161290323	31	1	-0.27
2	1961	19	TRUE	102.1	3.64642857142857	28	4.06	0.58
2	1962	20	TRUE	73.8	2.63571428571429	28	0.77	-0.41
2	1963	15	FALSE	22.3	0.796428571428571	28	-1.9	0.26
2	1964	17	FALSE	36.9	1.27241379310345	29	-0.13	-0.13
2	1965	13	FALSE	18.7	0.667857142857143	28	-3.03	0.01
2	1966	23	TRUE	160	5.71428571428571	28	-0.38	-0.54
2	1967	20	TRUE	171.8	6.13571428571429	28	1.7	1.2
2	1968	14	TRUE	49.5	1.70689655172414	29	-1.53	0.77
2	1969	22	FALSE	59.6	2.12857142857143	28	-3.16	-0.85
2	1970	20	TRUE	101.3	3.61785714285714	28	1.1	-1.22
2	1971	17	TRUE	85.9	3.06785714285714	28	1.21	1.44
2	1972	25	TRUE	80.6	2.77931034482759	29	-0.2	0.67
2	1973	22	FALSE	52	1.85714285714286	28	1.22	-1.47
2	1974	23	TRUE	110.4	3.94285714285714	28	0.68	1.49
2	1975	9	FALSE	26.9	0.960714285714286	28	0.4	0.46
2	1976	17	TRUE	70.7	2.43793103448276	29	1.29	1.18
2	1977	23	TRUE	99.4	3.55	28	0.28	0.65
2	1978	21	FALSE	74.8	2.67142857142857	28	-1.99	-2.63
2	1979	14	FALSE	49.9	1.78214285714286	28	-0.62	0.61
2	1980	21	TRUE	96.9	3.34137931034483	29	0.7	-0.02
2	1981	16	TRUE	59.9	2.13928571428571	28	1.04	-0.47
2	1982	17	TRUE	82.3	2.93928571428571	28	2.25	-0.03
2	1983	15	FALSE	40.7	1.45357142857143	28	-1.25	-3.46
2	1984	16	FALSE	61.4	2.11724137931034	29	1.73	0.43
2	1985	9	FALSE	8.6	0.307142857142857	28	-0.24	0.79
2	1986	17	FALSE	17.9	0.639285714285714	28	-4.02	-1.28
2	1987	14	TRUE	70.9	2.53214285714286	28	-0.24	-1.41
2	1988	21	TRUE	118.1	4.07241379310345	29	-0.11	-0.65
2	1989	23	TRUE	158.5	5.66071428571429	28	3.61	0.8
2	1990	26	TRUE	282.4	10.0857142857143	28	5.11	-1.79
2	1991	17	TRUE	136.6	4.87857142857143	28	-0.02	-0.06
2	1992	21	FALSE	80.2	2.76551724137931	29	3.18	-1.05
2	1993	10	FALSE	14.6	0.521428571428571	28	0.11	-0.96
2	1994	18	TRUE	73.3	2.61785714285714	28	0.07	-0.06
2	1995	26	TRUE	215.1	7.68214285714286	28	3.13	-0.35
2	1996	20	TRUE	114.9	3.96206896551724	29	-0.12	-0.02
2	1997	26	TRUE	306.1	10.9321428571429	28	5.26	1.21
2	1998	21	FALSE	61.6	2.2	28	2.44	-1.97
2	1999	21	TRUE	61.4	2.19285714285714	28	1.8	0.58
2	2000	27	TRUE	143.2	4.93793103448276	29	4.37	1.24
2	2001	20	TRUE	125.7	4.48928571428571	28	0.07	1
2	2002	26	TRUE	264	9.42857142857143	28	3.01	0.64
2	2003	10	FALSE	45.1	1.61071428571429	28	1.34	-0.9
2	2004	19	TRUE	108.2	3.73103448275862	29	-1.23	0.77
2	2005	21	FALSE	56.7	2.025	28	-2.25	-2.99
2	2006	16	TRUE	74.1	2.64642857142857	28	-1.24	-0.12
2	2007	18	FALSE	82.3	2.93928571428571	28	0.42	-0.38
2	2008	17	TRUE	90.4	3.11724137931034	29	1.79	2.05
2	2009	14	FALSE	33.2	1.18571428571429	28	-1.43	1.37
2	2010	22	FALSE	37.8	1.35	28	-3.92	-1.59
2	2011	24	TRUE	189.5	6.76785714285714	28	2.79	2.12
2	2012	16	FALSE	54.7	1.88620689655172	29	1.28	0.22
2	2013	12	FALSE	32.3	1.15357142857143	28	-0.26	-0.47
2	2014	27	TRUE	211.8	7.56428571428571	28	2.32	-0.32
2	2015	16	TRUE	74.3	2.65357142857143	28	1.47	-0.04
2	2016	23	TRUE	118.8	4.09655172413793	29	1.61	-2.09
2	2017	23	TRUE	92.7	3.31071428571429	28	1.38	-0.33
3	1961	14	FALSE	36.2	1.16774193548387	31	2.08	-2.47
3	1962	15	TRUE	38.9	1.25483870967742	31	-3.78	-0.32
3	1963	21	TRUE	136.8	4.41290322580645	31	2.79	0.66
3	1964	22	TRUE	66.1	2.13225806451613	31	-0.77	0.71
3	1965	19	FALSE	53.6	1.72903225806452	31	0.23	0.24
3	1966	22	FALSE	68.4	2.20645161290323	31	1.05	-1.75
3	1967	27	TRUE	105	3.38709677419355	31	3	0.65
3	1968	21	TRUE	192.2	6.2	31	0.34	-0.56
3	1969	19	FALSE	56	1.80645161290323	31	-1.81	-0.03
3	1970	23	FALSE	52.8	1.70322580645161	31	-1.78	0.06
3	1971	22	FALSE	63.2	2.03870967741935	31	-1.76	1.98
3	1972	20	TRUE	94.3	3.04193548387097	31	0.26	0.13
3	1973	14	FALSE	41.6	1.34193548387097	31	1.04	-0.06
3	1974	19	FALSE	58.7	1.89354838709677	31	-0.81	2.1
3	1975	21	FALSE	44.6	1.43870967741935	31	-1.26	1.14
3	1976	19	FALSE	52.7	1.7	31	1.87	1.33
3	1977	24	TRUE	97	3.12903225806452	31	1.33	-1.2
3	1978	26	TRUE	135.7	4.37741935483871	31	3.1	-0.82
3	1979	27	TRUE	191.1	6.16451612903226	31	0.54	-0.49
3	1980	24	TRUE	94.5	3.04838709677419	31	-0.68	-1.06
3	1981	25	TRUE	192.5	6.20967741935484	31	0.01	-2.01
3	1982	23	TRUE	137.4	4.43225806451613	31	1.66	0.05
3	1983	22	FALSE	100.7	3.24838709677419	31	1.79	-3.25
3	1984	21	FALSE	66.4	2.14193548387097	31	-2.12	-0.85
3	1985	20	FALSE	61.9	1.99677419354839	31	0.07	0.2
3	1986	23	TRUE	101.9	3.28709677419355	31	2.86	-0.09
3	1987	21	TRUE	135.7	4.37741935483871	31	0.29	-2.03
3	1988	25	FALSE	94	3.03225806451613	31	0.78	0.13
3	1989	24	TRUE	145.5	4.69354838709677	31	2.45	0.59
3	1990	18	FALSE	42.1	1.35806451612903	31	3.11	-1.09
3	1991	21	TRUE	126	4.06451612903226	31	-1.37	-1.35
3	1992	28	FALSE	111.2	3.58709677419355	31	1.66	-2.85
3	1993	16	FALSE	33.5	1.08064516129032	31	1.47	-1.13
3	1994	30	TRUE	184.7	5.95806451612903	31	3.68	-1.35
3	1995	26	FALSE	106.5	3.43548387096774	31	1.06	0.24
3	1996	10	FALSE	24.5	0.790322580645161	31	-2.57	0.53
3	1997	22	TRUE	91.3	2.94516129032258	31	2.09	-1.09
3	1998	18	TRUE	126	4.06451612903226	31	1.24	-3.31
3	1999	22	TRUE	88.5	2.85483870967742	31	-0.72	0.78
3	2000	17	TRUE	61.5	1.98387096774194	31	0.54	0.88
3	2001	18	FALSE	45.2	1.45806451612903	31	-0.68	0.46
3	2002	20	TRUE	74.8	2.41290322580645	31	0.09	-0.81
3	2003	12	TRUE	68.4	2.20645161290323	31	1.08	-0.91
3	2004	20	TRUE	83.4	2.69032258064516	31	1.07	-0.11
3	2005	22	FALSE	58.6	1.89032258064516	31	-1.29	-0.26
3	2006	22	TRUE	125.2	4.03870967741936	31	-1.12	1.32
3	2007	19	TRUE	79.5	2.56451612903226	31	2.03	-0.3
3	2008	27	TRUE	130.4	4.20645161290323	31	0.37	1.04
3	2009	18	TRUE	61.6	1.98709677419355	31	0.15	-0.21
3	2010	19	TRUE	93.2	3.00645161290323	31	-0.8	-1.4
3	2011	11	TRUE	63.5	2.04838709677419	31	-0.17	2.09
3	2012	10	FALSE	25.2	0.812903225806452	31	1.78	0.2
3	2013	19	FALSE	47.7	1.53870967741935	31	-3.75	1.06
3	2014	18	TRUE	91.1	2.93870967741935	31	1.64	-1.7
3	2015	20	TRUE	102.3	3.3	31	1.99	-1.4
3	2016	13	TRUE	64.6	2.08387096774194	31	0.33	-0.75
3	2017	23	TRUE	119.4	3.85161290322581	31	1.05	0.41
4	1961	21	FALSE	81.3	2.71	30	0.71	1.15
4	1962	16	TRUE	98	3.26666666666667	30	0.74	0.3
4	1963	24	TRUE	85.1	2.83666666666667	30	-0.46	0.51
4	1964	23	FALSE	75.7	2.52333333333333	30	0.95	1.78
4	1965	22	FALSE	87.6	2.92	30	2.14	-1.34
4	1966	20	FALSE	74.2	2.47333333333333	30	1.18	-0.9
4	1967	15	FALSE	40.2	1.34	30	-0.76	-0.12
4	1968	16	TRUE	75.5	2.51666666666667	30	-0.71	-0.31
4	1969	18	FALSE	72.5	2.41666666666667	30	1.11	-0.9
4	1970	26	TRUE	111.7	3.72333333333333	30	2.52	-0.56
4	1971	13	TRUE	28.5	0.95	30	-3.15	2.58
4	1972	18	TRUE	100.4	3.34666666666667	30	0.22	-0.46
4	1973	22	FALSE	66.5	2.21666666666667	30	-2.61	-0.37
4	1974	4	FALSE	6.6	0.22	30	-2.3	1.27
4	1975	24	TRUE	72.6	2.42	30	-0.84	1.48
4	1976	14	TRUE	55.9	1.86333333333333	30	-1.53	0.24
4	1977	23	FALSE	81.7	2.72333333333333	30	1.07	-1.17
4	1978	14	FALSE	25.7	0.856666666666667	30	-3.12	-0.88
4	1979	24	FALSE	73.5	2.45	30	-0.79	-0.65
4	1980	7	FALSE	7.5	0.25	30	0.03	-1.6
4	1981	16	TRUE	53	1.76666666666667	30	-3.04	-0.6
4	1982	10	FALSE	17.2	0.573333333333333	30	-0.99	-0.46
4	1983	24	TRUE	82.5	2.75	30	-1.01	-1.41
4	1984	13	FALSE	15.5	0.516666666666667	30	0.33	0.39
4	1985	25	FALSE	87	2.9	30	0.34	1.42
4	1986	24	TRUE	79	2.63333333333333	30	-0.93	0.11
4	1987	18	FALSE	52.7	1.75666666666667	30	2.59	-2.69
4	1988	15	FALSE	41.2	1.37333333333333	30	-2.39	-0.03
4	1989	23	TRUE	73.4	2.44666666666667	30	-0.48	2.18
4	1990	18	FALSE	42.6	1.42	30	1.77	-0.01
4	1991	16	TRUE	76.8	2.56	30	1.48	-1.55
4	1992	25	FALSE	77.8	2.59333333333333	30	1.32	-2.06
4	1993	19	TRUE	131.9	4.39666666666667	30	0.83	-2.29
4	1994	22	FALSE	102.5	3.41666666666667	30	1.38	-2.63
4	1995	13	FALSE	23	0.766666666666667	30	-1.81	-1.72
4	1996	18	TRUE	58.8	1.96	30	-0.31	0.91
4	1997	13	FALSE	24	0.8	30	-0.97	-1.55
4	1998	24	FALSE	98.9	3.29666666666667	30	-0.39	-2.8
4	1999	20	TRUE	79.5	2.65	30	0.43	2.1
4	2000	21	TRUE	104.7	3.49	30	-3.34	1.76
4	2001	24	TRUE	96.7	3.22333333333333	30	1.24	-0.18
4	2002	13	FALSE	55.9	1.86333333333333	30	0.91	-0.48
4	2003	10	FALSE	50.7	1.69	30	-1.74	-0.48
4	2004	20	FALSE	60.2	2.00666666666667	30	1.08	-1.91
4	2005	20	TRUE	85	2.83333333333333	30	0.71	-1.22
4	2006	22	FALSE	58.6	1.95333333333333	30	0.57	1.17
4	2007	6	TRUE	35	1.16666666666667	30	-0.1	-0.35
4	2008	24	FALSE	68	2.26666666666667	30	-2.02	0.56
4	2009	13	FALSE	45.6	1.52	30	1.74	1.06
4	2010	11	FALSE	22.8	0.76	30	-1.03	1.88
4	2011	10	TRUE	43.3	1.44333333333333	30	2.39	3.02
4	2012	23	TRUE	103.1	3.43666666666667	30	-2.36	-0.65
4	2013	18	TRUE	68	2.26666666666667	30	0.03	0.01
4	2014	19	FALSE	62.9	2.09666666666667	30	0.84	0.81
4	2015	15	FALSE	53	1.76666666666667	30	1.03	-0.27
4	2016	21	FALSE	83	2.76666666666667	30	-2.06	-2.61
4	2017	15	FALSE	20.9	0.696666666666667	30	1.5	-0.75
5	1961	13	TRUE	61	1.96774193548387	31	-0.94	0.18
5	1962	21	TRUE	87.6	2.8258064516129	31	-0.1	1.1
5	1963	24	FALSE	74.5	2.40322580645161	31	1.91	0.14
5	1964	20	FALSE	71.8	2.31612903225806	31	2.51	-0.02
5	1965	18	FALSE	57.4	1.85161290322581	31	-0.08	-0.03
5	1966	17	TRUE	92	2.96774193548387	31	1.51	-0.71
5	1967	27	FALSE	140.9	4.54516129032258	31	-0.46	-0.41
5	1968	19	FALSE	81.5	2.62903225806452	31	-1.5	1.21
5	1969	26	FALSE	94.7	3.05483870967742	31	-0.23	-0.78
5	1970	18	FALSE	20.5	0.661290322580645	31	1.87	0.04
5	1971	20	FALSE	48.2	1.55483870967742	31	-0.62	0.88
5	1972	22	TRUE	114.9	3.70645161290323	31	1.24	-1.52
5	1973	19	FALSE	66.1	2.13225806451613	31	0.37	0.25
5	1974	17	FALSE	37.3	1.20322580645161	31	-0.01	1.24
5	1975	9	FALSE	32.5	1.04838709677419	31	-2.42	0.51
5	1976	28	FALSE	88.5	2.85483870967742	31	1.2	0.5
5	1977	13	FALSE	36.5	1.17741935483871	31	-1.62	-1.18
5	1978	11	FALSE	25.8	0.832258064516129	31	0.37	1.5
5	1979	24	FALSE	125.4	4.04516129032258	31	1	0.46
5	1980	9	FALSE	26.6	0.858064516129032	31	-2.26	-0.35
5	1981	21	FALSE	76.5	2.46774193548387	31	0.05	0.82
5	1982	14	TRUE	76.8	2.47741935483871	31	1.1	-0.74
5	1983	25	FALSE	112.9	3.64193548387097	31	-0.57	0.79
5	1984	11	FALSE	26.5	0.854838709677419	31	-2.34	-0.03
5	1985	17	TRUE	67.7	2.18387096774194	31	-2.13	-0.15
5	1986	27	TRUE	137.5	4.43548387096774	31	2.16	-0.63
5	1987	15	FALSE	49.7	1.60322580645161	31	-0.81	-2.12
5	1988	14	FALSE	60.2	1.94193548387097	31	-1.24	1.09
5	1989	11	FALSE	32.9	1.06129032258065	31	1.16	1.45
5	1990	12	FALSE	56.8	1.83225806451613	31	-1.19	1.41
5	1991	12	FALSE	14.5	0.467741935483871	31	-0.04	-1.74
5	1992	20	TRUE	54.9	1.77096774193548	31	0.79	0.06
5	1993	15	TRUE	142.4	4.59354838709677	31	-2.59	-0.59
5	1994	9	FALSE	26.1	0.841935483870968	31	-1.43	-1.26
5	1995	17	FALSE	51.6	1.66451612903226	31	-0.36	-0.91
5	1996	16	FALSE	45.9	1.48064516129032	31	-1.5	0.46
5	1997	16	TRUE	88.6	2.85806451612903	31	-1.35	-2.41
5	1998	16	FALSE	41.7	1.34516129032258	31	-1.26	0.17
5	1999	19	TRUE	93.2	3.00645161290323	31	1.03	0.44
5	2000	16	TRUE	67.7	2.18387096774194	31	0.31	0.42
5	2001	12	FALSE	21.1	0.680645161290323	31	-0.09	-0.84
5	2002	22	TRUE	110.5	3.56451612903226	31	-0.05	-1.54
5	2003	25	TRUE	101	3.25806451612903	31	1.17	-0.85
5	2004	12	FALSE	46.9	1.51290322580645	31	-0.67	1.22
5	2005	19	FALSE	72.9	2.35161290322581	31	-0.13	-1.46
5	2006	24	TRUE	105.2	3.39354838709677	31	-0.22	-0.96
5	2007	22	FALSE	76.6	2.47096774193548	31	0.62	-0.3
5	2008	7	FALSE	22.1	0.712903225806452	31	-3.26	-0.25
5	2009	23	FALSE	94.6	3.05161290322581	31	1.52	-0.86
5	2010	15	FALSE	28.4	0.916129032258065	31	-1.66	0.85
5	2011	26	TRUE	118.2	3.81290322580645	31	1.08	0.46
5	2012	16	TRUE	95.5	3.08064516129032	31	-0.83	-0.38
5	2013	21	TRUE	86.2	2.78064516129032	31	1.23	0.9
5	2014	21	TRUE	109	3.51612903225806	31	-0.08	0.72
5	2015	20	TRUE	122.3	3.94516129032258	31	2.09	-1.04
5	2016	10	FALSE	24.2	0.780645161290323	31	-0.83	0.22
5	2017	11	TRUE	45.7	1.4741935483871	31	0.38	0.23
6	1961	15	TRUE	52.3	1.74333333333333	30	2.13	-0.53
6	1962	16	FALSE	50.9	1.69666666666667	30	1.41	0.37
6	1963	25	FALSE	100.6	3.35333333333333	30	-1.77	-1.3
6	1964	21	TRUE	58.3	1.94333333333333	30	-1.85	0.72
6	1965	18	TRUE	102.8	3.42666666666667	30	0.87	-1.63
6	1966	20	FALSE	101.6	3.38666666666667	30	0.82	0.14
6	1967	16	FALSE	52	1.73333333333333	30	1.96	0.67
6	1968	16	TRUE	85.4	2.84666666666667	30	0.95	1.27
6	1969	16	TRUE	85.1	2.83666666666667	30	-1.17	-0.24
6	1970	11	TRUE	61.2	2.04	30	-0.11	1.02
6	1971	19	FALSE	63.4	2.11333333333333	30	-1.32	0.21
6	1972	27	TRUE	114.6	3.82	30	1.07	-1.68
6	1973	14	FALSE	36.6	1.22	30	0.83	1.22
6	1974	14	FALSE	57.5	1.91666666666667	30	-0.14	0.14
6	1975	12	FALSE	30.3	1.01	30	0.18	1.69
6	1976	12	FALSE	28.8	0.96	30	1.76	-0.16
6	1977	17	TRUE	93.2	3.10666666666667	30	-0.89	-2.33
6	1978	16	FALSE	62.3	2.07666666666667	30	0.14	0.4
6	1979	14	FALSE	42.5	1.41666666666667	30	0.45	0.58
6	1980	25	TRUE	151.6	5.05333333333333	30	-0.21	-0.68
6	1981	24	FALSE	65.6	2.18666666666667	30	-1.57	1.28
6	1982	22	TRUE	97.1	3.23666666666667	30	-1.86	-2.49
6	1983	11	FALSE	48.4	1.61333333333333	30	0.54	-0.58
6	1984	14	FALSE	50.8	1.69333333333333	30	0.33	-1.22
6	1985	24	TRUE	60.7	2.02333333333333	30	-1.08	-1.39
6	1986	16	TRUE	46.2	1.54	30	-1.29	1.01
6	1987	26	TRUE	122	4.06666666666667	30	-0.58	-2.69
6	1988	8	FALSE	20.6	0.686666666666667	30	-2.75	-0.2
6	1989	15	FALSE	39.1	1.30333333333333	30	-0.53	0.81
6	1990	23	FALSE	74.6	2.48666666666667	30	0.42	-0.07
6	1991	23	FALSE	88.3	2.94333333333333	30	-0.31	-0.79
6	1992	8	FALSE	14.4	0.48	30	-1.74	-1.82
6	1993	15	FALSE	30.6	1.02	30	0.16	-2.18
6	1994	20	FALSE	56.2	1.87333333333333	30	2.98	-1.46
6	1995	13	FALSE	28	0.933333333333333	30	-3.36	-0.31
6	1996	14	FALSE	27.8	0.926666666666667	30	1.43	1.6
6	1997	21	FALSE	72.9	2.43	30	-4.05	-3.02
6	1998	26	TRUE	127.4	4.24666666666667	30	-0.85	1.05
6	1999	19	FALSE	87.3	2.91	30	1.39	0
6	2000	21	TRUE	95.9	3.19666666666667	30	0.89	-0.87
6	2001	17	FALSE	43.8	1.46	30	-1.33	-0.19
6	2002	18	TRUE	93.9	3.13	30	0.9	-1.02
6	2003	15	TRUE	80.2	2.67333333333333	30	-0.86	-1.75
6	2004	21	FALSE	83.2	2.77333333333333	30	-0.38	-1.91
6	2005	17	FALSE	53.6	1.78666666666667	30	-1	0.11
6	2006	9	FALSE	40.5	1.35	30	-0.41	-0.98
6	2007	22	TRUE	152.7	5.09	30	-3.34	0.14
6	2008	19	TRUE	99.5	3.31666666666667	30	-1.62	0.34
6	2009	17	TRUE	56.6	1.88666666666667	30	-3.05	-0.45
6	2010	9	FALSE	37.5	1.25	30	-3.65	0.24
6	2011	21	TRUE	82	2.73333333333333	30	-1.58	-0.04
6	2012	24	TRUE	161.8	5.39333333333333	30	-2.58	-1.51
6	2013	12	FALSE	52	1.73333333333333	30	1.4	1.45
6	2014	11	FALSE	39.9	1.33	30	-1.98	-0.46
6	2015	16	TRUE	34.6	1.15333333333333	30	0.28	-1.72
6	2016	19	FALSE	88.6	2.95333333333333	30	-1.27	0.44
6	2017	19	TRUE	141.9	4.73	30	-0.55	-1.39
7	1961	19	TRUE	132	4.25806451612903	31	0.63	0.18
7	1962	14	FALSE	55.4	1.78709677419355	31	-2.1	-0.04
7	1963	21	FALSE	74.5	2.40322580645161	31	-0.65	-0.13
7	1964	18	TRUE	61.4	1.98064516129032	31	2.44	0.62
7	1965	21	TRUE	99.1	3.19677419354839	31	-1.71	-2.32
7	1966	20	FALSE	64.7	2.08709677419355	31	-1.99	-0.15
7	1967	21	TRUE	118.4	3.81935483870968	31	1.44	0.18
7	1968	19	TRUE	77.3	2.49354838709677	31	-1.96	0.77
7	1969	15	FALSE	50	1.61290322580645	31	3.7	-0.73
7	1970	25	TRUE	96.6	3.11612903225806	31	0.27	-0.52
7	1971	13	TRUE	70.1	2.26129032258065	31	-1.04	0.17
7	1972	15	TRUE	89	2.87096774193548	31	0.41	-1.84
7	1973	20	TRUE	103.4	3.33548387096774	31	-1.85	0.63
7	1974	29	TRUE	97.2	3.13548387096774	31	2.07	1.23
7	1975	21	TRUE	92.2	2.9741935483871	31	0.63	2.13
7	1976	10	FALSE	49.5	1.59677419354839	31	-0.57	-1.24
7	1977	10	TRUE	51.3	1.65483870967742	31	-1.14	-1.45
7	1978	15	TRUE	60.9	1.96451612903226	31	-0.33	0.53
7	1979	18	FALSE	44.3	1.42903225806452	31	2.53	-0.76
7	1980	19	TRUE	76.1	2.45483870967742	31	-0.91	-0.14
7	1981	18	FALSE	56.7	1.82903225806452	31	1.74	0.87
7	1982	8	TRUE	47.5	1.53225806451613	31	-0.65	-1.89
7	1983	8	TRUE	60.2	1.94193548387097	31	-0.75	-0.7
7	1984	12	FALSE	25.8	0.832258064516129	31	0.93	0.12
7	1985	21	TRUE	111.4	3.59354838709677	31	1.09	-0.2
7	1986	21	TRUE	47.8	1.54193548387097	31	0.88	0.24
7	1987	17	TRUE	123.7	3.99032258064516	31	-1.25	-1.82
7	1988	29	TRUE	208.9	6.73870967741935	31	1.46	1.17
7	1989	11	FALSE	13.9	0.448387096774194	31	0.58	0.95
7	1990	13	TRUE	57.9	1.86774193548387	31	1.43	0.57
7	1991	17	FALSE	39.1	1.26129032258065	31	-0.28	-0.07
7	1992	20	TRUE	75.1	2.42258064516129	31	1.04	-0.63
7	1993	23	FALSE	79.2	2.55483870967742	31	0.64	-1.06
7	1994	14	FALSE	36.4	1.1741935483871	31	-0.09	-1.7
7	1995	12	FALSE	52	1.67741935483871	31	-0.96	0.44
7	1996	16	TRUE	61.9	1.99677419354839	31	1.47	0.7
7	1997	18	TRUE	70.1	2.26129032258065	31	1.18	-0.91
7	1998	23	TRUE	119.2	3.84516129032258	31	-0.57	1.49
7	1999	15	FALSE	34.1	1.1	31	-1.85	0.52
7	2000	15	FALSE	54.6	1.76129032258065	31	-2.99	-0.34
7	2001	19	FALSE	51.9	1.6741935483871	31	-1.12	-0.27
7	2002	18	TRUE	89.1	2.8741935483871	31	-0.71	-0.7
7	2003	20	TRUE	85.6	2.76129032258065	31	0.09	0.26
7	2004	22	FALSE	66.7	2.15161290322581	31	-0.3	-0.72
7	2005	14	FALSE	38.2	1.23225806451613	31	-0.08	0.06
7	2006	13	TRUE	48	1.54838709677419	31	0.83	-0.9
7	2007	25	TRUE	161.9	5.22258064516129	31	-1.05	-0.44
7	2008	18	TRUE	134.2	4.32903225806452	31	-1.13	0.2
7	2009	27	TRUE	201.3	6.49354838709677	31	-0.92	0.18
7	2010	22	TRUE	125.5	4.04838709677419	31	0.06	1.95
7	2011	15	FALSE	94.2	3.03870967741935	31	-3.39	1.11
7	2012	25	TRUE	119.7	3.86129032258065	31	-1.31	-0.15
7	2013	12	TRUE	106.8	3.44516129032258	31	2.52	0.76
7	2014	17	TRUE	64.1	2.06774193548387	31	0.91	-0.26
7	2015	27	FALSE	89.6	2.89032258064516	31	-2.16	-1.41
7	2016	18	FALSE	80.1	2.58387096774194	31	2.19	0.45
7	2017	24	TRUE	124.8	4.0258064516129	31	0.1	0.85
8	1961	23	TRUE	97.1	3.13225806451613	31	3.38	-0.16
8	1962	24	TRUE	158.8	5.12258064516129	31	2.28	0.26
8	1963	26	FALSE	105	3.38709677419355	31	-0.96	-0.43
8	1964	19	FALSE	81.8	2.63870967741935	31	-2.46	1.32
8	1965	23	TRUE	102.1	3.29354838709677	31	1.59	-1.37
8	1966	22	TRUE	126.3	4.0741935483871	31	-2.03	0.19
8	1967	22	TRUE	130.6	4.21290322580645	31	-0.41	0.44
8	1968	15	TRUE	56.6	1.8258064516129	31	-1.45	-0.2
8	1969	17	FALSE	77	2.48387096774194	31	-1.62	-0.71
8	1970	13	TRUE	84.5	2.7258064516129	31	-0.2	0.31
8	1971	20	TRUE	169.5	5.46774193548387	31	0.07	1.42
8	1972	10	FALSE	44	1.41935483870968	31	0.11	-1.12
8	1973	17	TRUE	126.9	4.09354838709677	31	2.32	1.18
8	1974	20	FALSE	82.5	2.66129032258065	31	0.89	0.56
8	1975	18	TRUE	92.1	2.97096774193548	31	0.08	2.03
8	1976	5	TRUE	23.4	0.754838709677419	31	0.62	-1.46
8	1977	19	TRUE	73.8	2.38064516129032	31	-1.42	-1.42
8	1978	22	TRUE	115.5	3.7258064516129	31	0.05	0.12
8	1979	23	TRUE	104	3.35483870967742	31	-0.85	-0.69
8	1980	24	TRUE	127.4	4.10967741935484	31	0.3	-0.06
8	1981	12	FALSE	34.2	1.10322580645161	31	1.01	0.4
8	1982	25	TRUE	100.6	3.24516129032258	31	1.45	-2.66
8	1983	11	FALSE	34.1	1.1	31	0.56	-0.37
8	1984	10	TRUE	82.8	2.67096774193548	31	1	0.1
8	1985	30	TRUE	183	5.90322580645161	31	2.33	0.66
8	1986	27	TRUE	133.7	4.31290322580645	31	-2.21	-0.85
8	1987	21	TRUE	81.6	2.63225806451613	31	-2.99	-1.67
8	1988	21	FALSE	99.9	3.22258064516129	31	0.73	1.36
8	1989	21	TRUE	89.6	2.89032258064516	31	1.76	-0.82
8	1990	20	FALSE	50.3	1.62258064516129	31	3.31	-0.71
8	1991	15	FALSE	41.1	1.3258064516129	31	2.71	-1.07
8	1992	24	FALSE	117.2	3.78064516129032	31	3.97	-0.01
8	1993	17	TRUE	66.7	2.15161290322581	31	0.75	-1.73
8	1994	20	TRUE	104.9	3.38387096774194	31	-1.59	-2.03
8	1995	8	FALSE	13.4	0.432258064516129	31	-1.33	-0.11
8	1996	16	FALSE	70.1	2.26129032258065	31	-0.19	0.33
8	1997	13	TRUE	52.5	1.69354838709677	31	1.78	-2.31
8	1998	19	FALSE	67.6	2.18064516129032	31	1.8	0.83
8	1999	17	FALSE	58.9	1.9	31	-3.67	-0.03
8	2000	22	FALSE	69.2	2.23225806451613	31	0.78	0.48
8	2001	24	FALSE	87.6	2.8258064516129	31	1.64	-1.01
8	2002	20	TRUE	96.6	3.11612903225806	31	-0.61	-1.62
8	2003	7	FALSE	12.2	0.393548387096774	31	-0.99	-0.35
8	2004	24	TRUE	255.6	8.24516129032258	31	-0.76	-0.9
8	2005	16	TRUE	97.1	3.13225806451613	31	0.94	-0.97
8	2006	22	TRUE	116.8	3.76774193548387	31	-2.47	-1.75
8	2007	15	TRUE	81.1	2.61612903225806	31	-3.41	0.01
8	2008	25	TRUE	144.5	4.66129032258065	31	-0.21	0.64
8	2009	24	TRUE	115.6	3.72903225806452	31	1.07	-0.59
8	2010	22	FALSE	75.1	2.42258064516129	31	-2.01	1.77
8	2011	26	TRUE	130.5	4.20967741935484	31	-2.41	0.07
8	2012	24	TRUE	147.4	4.75483870967742	31	-0.44	-0.74
8	2013	17	TRUE	133.2	4.29677419354839	31	2.16	-0.23
8	2014	24	TRUE	150.3	4.84838709677419	31	-1.14	-1.42
8	2015	23	TRUE	108.7	3.50645161290323	31	1.47	-2.15
8	2016	20	TRUE	146.1	4.71290322580645	31	2.14	0.4
8	2017	23	FALSE	79.5	2.56451612903226	31	-0.04	0.17
9	1961	24	TRUE	95.6	3.18666666666667	30	2.01	0.11
9	1962	22	TRUE	116.7	3.89	30	0.02	0.53
9	1963	19	TRUE	102.9	3.43	30	0.94	-0.6
9	1964	18	FALSE	72.1	2.40333333333333	30	0.5	1.29
9	1965	23	TRUE	146	4.86666666666667	30	-1.01	-1.41
9	1966	15	TRUE	109.5	3.65	30	-0.47	-0.24
9	1967	21	TRUE	141	4.7	30	0.32	0.44
9	1968	20	TRUE	237.8	7.92666666666667	30	0.5	-0.36
9	1969	17	TRUE	82.6	2.75333333333333	30	0.38	-1.1
9	1970	26	TRUE	122.5	4.08333333333333	30	0.47	1.18
9	1971	14	FALSE	25.5	0.85	30	-0.54	1.51
9	1972	7	FALSE	23.5	0.783333333333333	30	-4.11	-1.48
9	1973	17	FALSE	52.2	1.74	30	-0.79	1.27
9	1974	25	TRUE	118.7	3.95666666666667	30	0.11	1.16
9	1975	22	TRUE	169.9	5.66333333333333	30	1.75	2.15
9	1976	19	TRUE	137.8	4.59333333333333	30	-3.46	-1.29
9	1977	17	TRUE	88.7	2.95666666666667	30	1.64	-0.95
9	1978	23	TRUE	116.2	3.87333333333333	30	1.96	0.06
9	1979	20	FALSE	70.5	2.35	30	1.12	0.11
9	1980	24	TRUE	88.4	2.94666666666667	30	1.72	-0.54
9	1981	22	TRUE	190.3	6.34333333333333	30	0.27	0.52
9	1982	18	TRUE	88.1	2.93666666666667	30	1.08	-2.12
9	1983	21	TRUE	106.5	3.55	30	-0.65	0.91
9	1984	23	TRUE	156.1	5.20333333333333	30	-1.31	0.17
9	1985	23	TRUE	113.1	3.77	30	0	0
9	1986	8	FALSE	17.3	0.576666666666667	30	-1.34	-0.53
9	1987	23	TRUE	122.2	4.07333333333333	30	1.27	-1.13
9	1988	20	FALSE	92.1	3.07	30	0.8	1.92
9	1989	15	FALSE	19.2	0.64	30	-0.96	0.52
9	1990	17	FALSE	57.9	1.93	30	-0.99	-0.78
9	1991	15	FALSE	58.5	1.95	30	-1.12	-1.64
9	1992	21	TRUE	107.2	3.57333333333333	30	0.99	0.06
9	1993	19	TRUE	91.2	3.04	30	-2.6	-0.78
9	1994	19	FALSE	101.6	3.38666666666667	30	-2.85	-1.7
9	1995	19	TRUE	80	2.66666666666667	30	-1.55	0.28
9	1996	11	TRUE	60.4	2.01333333333333	30	-2.23	0.66
9	1997	14	FALSE	66.4	2.21333333333333	30	-0.67	-1.55
9	1998	15	FALSE	65.8	2.19333333333333	30	-3.48	1.04
9	1999	19	TRUE	129.5	4.31666666666667	30	-0.51	-0.07
9	2000	24	TRUE	194.1	6.47	30	-1.1	0.97
9	2001	20	TRUE	118.8	3.96	30	-3.83	0.11
9	2002	8	FALSE	42.5	1.41666666666667	30	-3.58	-0.66
9	2003	16	TRUE	97	3.23333333333333	30	0.35	-0.18
9	2004	21	TRUE	123	4.1	30	2.51	-0.31
9	2005	18	TRUE	102.6	3.42	30	0.5	0.34
9	2006	20	TRUE	104.4	3.48	30	-1.02	-0.6
9	2007	19	TRUE	74.9	2.49666666666667	30	-1.18	0.12
9	2008	19	TRUE	138.5	4.61666666666667	30	-2.07	1.26
9	2009	11	TRUE	39.7	1.32333333333333	30	-0.63	0.35
9	2010	21	TRUE	96.8	3.22666666666667	30	-2.38	2.44
9	2011	20	TRUE	128	4.26666666666667	30	2.97	1.14
9	2012	23	TRUE	141.3	4.71	30	-1.44	0.22
9	2013	16	TRUE	70.9	2.36333333333333	30	-0.57	0.41
9	2014	5	FALSE	12.4	0.413333333333333	30	-2.1	-0.66
9	2015	13	FALSE	29	0.966666666666667	30	-1.65	-1.65
9	2016	19	TRUE	88.5	2.95	30	2.45	1.28
9	2017	24	TRUE	135.5	4.51666666666667	30	1.42	0.62
